Pref_Att_model

cluster:0	
1343	
1777	
280	
853	
514	
1724	
1491	
1551	
1924	
602	
1672	
1961	
1683	
804	
155	
964	
1272	
1984	
607	
1379	
1345	
1160	
1999	
1823	
1763	
650	
1925	
1280	
933	
1807	
1562	
1313	
1266	
1529	
309	
1561	
787	
1304	
1630	
1601	
827	
489	
589	
1813	
1384	
1542	
470	
739	
2003	
1955	
769	
1433	
1930	
1674	
1665	
1291	
1627	
1342	
1767	
518	
1648	
782	
1943	
1326	
679	
803	
1065	
1188	
614	
1667	
1367	
990	
1218	
824	
1441	
627	
958	
1680	
1040	
735	
539	
1670	
1802	
957	
405	
1098	
1567	
1775	
655	
1243	
1624	
1369	
275	
480	
1941	
1840	
1044	
1642	
829	
1143	
1684	
618	
987	
1846	
1947	
772	
624	
1523	
757	
369	
662	
938	
1722	
978	
730	
644	
490	
1436	
1407	
1752	
1651	
1677	
1756	
1355	
779	
1220	
1860	
695	
1851	
1550	
1198	
849	
1882	
1751	
1154	
1172	
1157	
145	
515	
1553	
1245	
688	
374	
524	
1305	
1350	
1854	
479	
1411	
1074	
1495	
1795	
1555	
652	
1138	
1221	
1145	
389	
1165	
1693	
200	
877	
1498	
1754	
1538	
40	
135	
789	
540	
854	
110	
1951	
1676	
889	
1886	
100	
1159	
1946	
1613	
1881	
1740	
718	
1923	
1734	
1785	
1042	
893	
733	
1789	
1372	
1499	
910	
285	
1509	
1707	
1512	
1452	
732	
1255	
1603	
1949	
1792	
349	
1877	
973	
1746	
449	
1336	
1804	
1516	
683	
1152	
1301	
1634	
1633	
1204	
1361	
590	
424	
1454	
1333	
1274	
1888	
1115	
640	
850	
774	
830	
1541	
400	
1543	
1185	
1817	
1162	
1559	
1132	
170	
1530	
1916	
1319	
880	
1416	
1835	
822	
1771	
970	
1092	
1371	
1912	
809	
1773	
1173	
1942	
1294	
1155	
1814	
1082	
1959	
1890	
609	
672	
1838	
1738	
1048	
1892	
690	
1068	
1727	
1657	
1118	
1987	
674	
1217	
2004	
1525	
1490	
1533	
837	
2005	
1522	
904	
1005	
1833	
1779	
1445	
1909	
1622	
1053	
1418	
992	
1770	
1297	
260	
1806	
1698	
754	
1168	
790	
799	
1134	
1735	
1466	
125	
1737	
1366	
834	
1902	
1994	
934	
1227	
1237	
723	
535	
1506	
1359	
1507	
820	
1296	
808	
1871	
742	
279	
963	
1257	
1938	
1904	
1125	
1295	
1898	
1689	
549	
1732	
1275	
1996	
1579	
1875	
1322	
450	
1739	
1251	
600	
289	
384	
548	
868	
1729	
1647	
1536	
838	
1811	
892	
1878	
1253	
1863	
1175	
1259	
2001	
828	
665	
819	
864	
882	
1664	
1539	
1965	
344	
1233	
1374	
325	
1618	
404	
1147	
1928	
930	
1260	
1661	
50	
1119	
1228	
807	
578	
1244	
800	
722	
1334	
210	
1720	
1702	
953	
657	
1681	
1650	
778	
1315	
1935	
185	
1714	
1583	
1340	
593	
1077	
1989	
879	
1591	
1855	
1429	
1158	
220	
1311	
1574	
60	
1354	
580	
1387	
1417	
10	
1607	
1368	
1302	
1668	
504	
1362	
380	
1517	
1917	
1799	
768	
1008	
1097	
1832	
474	
617	
682	
929	
1872	
1655	
622	
738	
902	
274	
1858	
1201	
1485	
1629	
1504	
1330	
1425	
115	
748	
1327	
613	
783	
160	
1628	
1612	
1341	
693	
553	
1874	
1410	
195	
240	
1743	
315	
1314	
1940	
862	
1316	
873	
1351	
775	
1697	
1868	
1637	
235	
1197	
225	
1524	
1456	
70	
1067	
30	
1080	
1939	
1586	
1478	
865	
570	
1953	
1682	
1834	
1114	
1815	
1748	
354	
795	
620	
928	
932	
1242	
1500	
175	
1256	
360	
1713	
1476	
1020	
1652	
1347	
588	
1427	
1206	
1265	
968	
1135	
1462	
1025	
649	
1190	
977	
1990	
314	
843	
1908	
460	
1931	
647	
215	
965	
1120	
727	
1933	
615	
25	
745	
485	
1765	
1687	
743	
230	
1837	
1142	
993	
1241	
205	
1140	
1793	
434	
1781	
440	
1602	
1465	
975	
1239	
675	
1339	
330	
1219	
320	
1797	
543	
1820	
1617	
1932	
1901	
1801	
265	
1841	
1803	
1755	
304	
759	
345	
1153	
0	
505	
564	
1169	
1876	
579	
1089	
1977	
95	
1248	
1718	
550	
1380	
943	
1394	
1390	
1827	
1043	
793	
1069	
538	
1978	
1320	
1090	
1338	
1446	
1968	
648	
1073	
1709	
632	
1423	
329	
1997	
863	
1879	
847	
1569	
1688	
1281	
1972	
1862	
35	
364	
1002	
1532	
1749	
469	
823	
1675	
1519	
1286	
1600	
763	
1209	
1230	
815	
684	
1948	
1560	
915	
1703	
340	
1971	
1723	
1982	
584	
459	
1434	
1356	
1786	
927	
1375	
1050	
1180	
773	
595	
1261	
1428	
1913	
1045	
1873	
832	
699	
399	
639	
1437	
1692	
1645	
687	
508	
1592	
1944	
533	
1821	
1518	
869	
1686	
1079	
1919	
1608	
924	
1760	
855	
1468	
858	
1335	
255	
1557	
484	
1980	
1988	
1405	
1798	
1249	
1929	
870	
1104	
1921	
1905	
1725	
740	
425	
1768	
1482	
1178	
1383	
715	
980	
724	
1034	
1885	
1003	
1575	
1268	
1843	
1819	
1694	
1062	
1458	
1424	
1435	
1736	
419	
692	
728	
920	
982	
1992	
764	
959	
913	
1721	
694	
1960	
813	
952	
1596	
867	
1920	
80	
414	
559	
842	
1590	
637	
625	
375	
1163	
1616	
1750	
1413	
949	
1783	
1712	
1957	
1095	
1895	
1382	
1883	
75	
1631	
1673	
523	
749	
844	
1867	
1764	
1308	
1293	
2000	
1659	
1791	
903	
510	
1033	
435	
1137	
1730	
560	
1573	
1494	
1287	
765	
697	
912	
1349	
935	
1766	
1250	
1593	
1292	
972	
1891	
1614	
1662	
294	
643	
1072	
1238	
1501	
1212	
1900	
1451	
1365	
663	
1918	
1597	
1580	
710	
1009	
1870	
1312	
55	
1546	
394	
1223	
1078	
555	
1103	
545	
1552	
1100	
1012	
659	
669	
1403	
1210	
1514	
1896	
1421	
1019	
1762	
900	
1113	
1232	
878	
1711	
583	
1865	
919	
797	
954	
1052	
1510	
1459	
1309	
1149	
554	
1658	
1715	
1964	
1300	
1782	
574	
525	
1816	
1483	
1085	
1094	
1058	
1129	
1545	
883	
1236	
1386	
1825	
1744	
1699	
429	
810	
1571	
1956	
705	
1234	
1654	
917	
1513	
1328	
1419	
630	
848	
955	
1099	
1643	
1208	
1404	
747	
503	
1194	
1144	
1402	
528	
1474	
1772	
395	
1070	
623	
1853	
350	
1348	
1945	
1469	
1246	
1778	
1122	
1731	
874	
833	
1979	
994	
1554	
1461	
1484	
2008	
1796	
1620	
1224	
1805	
1059	
612	
1708	
1216	
1566	
1054	
1112	
755	
794	
1568	
1864	
1148	
45	
140	
1471	
1247	
65	
1174	
780	
1107	
1609	
1547	
1954	
1443	
725	
1087	
1831	
1660	
410	
1388	
1810	
1324	
1759	
1926	
1444	
1839	
1389	
634	
1398	
1757	
638	
1745	
814	
1958	
1701	
1472	
1869	
1179	
585	
1399	
1544	
1531	
1317	
605	
1289	
1182	
818	
1084	
1167	
700	
544	
1556	
1453	
1859	
1598	
1986	
415	
888	
1508	
1572	
1489	
1004	
1203	
2009	
1357	
1502	
1075	
1578	
259	
1037	
1577	
1240	
1353	
628	
1505	
1520	
1231	
1606	
284	
1808	
1449	
1184	
299	
894	
1060	
922	
1128	
1822	
805	
703	
1177	
1199	
658	
1844	
2006	
1966	
519	
513	
635	
1969	
1915	
884	
1974	
840	
1899	
1537	
1487	
905	
1447	
290	
439	
1109	
678	
979	
1215	
1563	
1747	
1108	
767	
1582	
712	
1981	
708	
1549	
305	
1438	
1950	
1401	
1503	
770	
1420	
1774	
1644	
1842	
1000	
1480	
150	
1769	
1611	
1604	
860	
604	
1321	
702	
1202	
269	
1649	
1263	
667	
942	
1991	
2002	
1632	
1331	
165	
1284	
967	
1187	
1414	
1758	
1558	
1706	
1528	
1318	
1638	
1442	
1993	
653	
1139	
1666	
1787	
1850	
573	
445	
948	
534	
1032	
1927	
1623	
430	
530	
1576	
1370	
1784	
1426	
1029	
1028	
1691	
753	
365	
475	
610	
1057	
1271	
1906	
762	
1252	
1934	
859	
1700	
464	
714	
872	
947	
568	
940	
1047	
1467	
974	
1975	
1290	
1678	
250	
1439	
713	
420	
1014	
1741	
720	
1378	
1615	
885	
264	
1475	
998	
1397	
1432	
1695	
5	
633	
1450	
1922	
1973	
1083	
1587	
1269	
1829	
1937	
1479	
529	
1170	
908	
1610	
608	
1093	
1998	
130	
1039	
1358	
1373	
812	
245	
465	
999	
1527	
1310	
1346	
1207	
1594	
1824	
1584	
1105	
1848	
454	
1800	
1889	
1812	
802	
1856	
984	
997	
1193	
895	
1017	
1589	
1270	
1705	
1818	
355	
1962	
1788	
1344	
1696	
1422	
1415	
1836	
1392	
1565	
887	
1102	
1704	
1396	
1276	
1030	
1352	
334	
85	
1963	
1381	
1038	
1337	
1663	
1636	
923	
594	
90	
190	
1570	
825	
1473	
1307	
788	
875	
1205	
698	
1679	
852	
1907	
500	
1599	
1548	
1884	
310	
1018	
1127	
1279	
985	
1013	
1753	
1195	
1455	
1897	
1857	
1852	
1463	
654	
752	
1064	
1211	
1826	
1298	
1828	
1393	
760	
1497	
455	
899	
1492	
495	
890	
1595	
1535	
1329	
983	
1325	
1640	
1511	
1639	
1625	
1303	
1183	
1130	
839	
1063	
1306	
1258	
1588	
1200	
734	
335	
1022	
1431	
1408	
1235	
569	
1460	
1409	
1970	
295	
1983	
1849	
1794	
1363	
784	
1024	
1150	
1323	
744	
1214	
1653	
668	
737	
1049	
1496	
857	
1027	
660	
1124	
1412	
324	
792	
409	
1164	
1845	
1780	
1733	
1995	
670	
1671	
1110	
598	
1830	
1893	
1685	
1581	
685	
925	
785	
717	
619	
1254	
898	
1726	
1515	
1213	
1264	
1023	
1621	
1285	
270	
1395	
565	
1914	
1123	
1564	
339	
520	
950	
1440	
1267	
677	
704	
664	
1847	
1619	
1669	
1229	
1430	
758	
817	
642	
1262	
1360	
1809	
1646	
1605	
494	
2007	
939	
944	
969	
1481	
835	
1377	
1385	
945	
1910	
1486	
1283	
1776	
499	
1861	
1288	
1282	
798	
1626	
1790	
1894	
845	
937	
1010	
777	
914	
1055	
1716	
1635	
1521	
1364	
709	
390	
1278	
680	
989	
1985	
1457	
1952	
1464	
1332	
897	
1225	
15	
1728	
20	
370	
1015	
1880	
1035	
719	
1007	
1656	
1406	
1967	
1710	
1391	
1400	
909	
1133	
1719	
1887	
988	
689	
603	
1088	
1761	
300	
1742	
359	
1192	
105	
1690	
673	
918	
750	
1477	
254	
385	
1189	
1277	
1866	
645	
575	
319	
907	
1911	
1299	
962	
1493	
707	
558	
1222	
1717	
120	
1585	
379	
1936	
1448	
1376	
1540	
444	
1641	
729	
599	
563	
509	
1976	
1903	
629	
1488	
180	
960	
1117	
1226	
1273	
1534	
1470	
995	
1526	

cluster:1	
366	
771	
106	
736	
16	
181	
61	
136	
816	
1176	
486	
696	
996	
416	
1181	
591	
431	
316	
1001	
186	
711	
516	
871	
491	
961	
1061	
1051	
156	
351	
546	
276	
6	
21	
836	
921	
256	
1136	
766	
631	
281	
686	
671	
1111	
11	
796	
441	
1101	
391	
176	
511	
1036	
1016	
616	
791	
101	
566	
641	
1161	
1031	
586	
561	
236	
776	
336	
866	
1071	
226	
716	
971	
1186	
991	
831	
461	
231	
821	
361	
121	
41	
46	
521	
681	
896	
661	
371	
596	
411	
761	
751	
1151	
266	
386	
1116	
346	
246	
446	
941	
741	
606	
1066	
331	
271	
1126	
936	
126	
876	
56	
1086	
356	
191	
1046	
551	
706	
301	
1056	
1106	
501	
286	
541	
406	
1171	
611	
296	
526	
581	
341	
881	
96	
576	
966	
626	
161	
691	
901	
166	
886	
1166	
311	
621	
986	
1191	
51	
556	
31	
1156	
506	
571	
746	
906	
216	
1141	
956	
221	
496	
421	
81	
666	
321	
951	
841	
1076	
466	
91	
1011	
141	
401	
241	
71	
86	
36	
1121	
916	
1096	
481	
801	
931	
1021	
436	
891	
856	
926	
721	
646	
536	
1146	
26	
291	
976	
1026	
656	
726	
1131	
426	
786	
396	
306	
781	
1006	
381	
476	
846	
946	
251	
456	
376	
201	
826	
76	
701	
851	
131	
206	
731	
116	
911	
1041	
531	
1091	
811	
1	
1196	
211	
861	
676	
651	
636	
1081	
171	
151	
451	
146	
471	
756	
326	
261	
196	
601	
806	
981	
111	
66	

cluster:2	
7	
442	
322	
142	
372	
362	
482	
597	
127	
157	
117	
82	
542	
502	
22	
337	
197	
172	
97	
452	
222	
402	
472	
377	
417	
207	
47	
42	
347	
527	
297	
407	
292	
352	
192	
302	
312	
577	
202	
37	
537	
457	
177	
487	
507	
252	
332	
77	
447	
307	
582	
517	
162	
287	
567	
62	
237	
262	
557	
512	
232	
137	
427	
72	
272	
477	
52	
547	
277	
247	
92	
242	
492	
57	
217	
497	
167	
432	
562	
132	
422	
467	
17	
587	
112	
212	
572	
107	
592	
32	
327	
462	
12	
122	
437	
227	
2	
367	
27	
387	
412	
317	
357	
522	
392	
87	
382	
257	
342	
182	
147	
152	
552	
397	
67	
532	
267	
187	
102	
282	

cluster:3	
78	
408	
338	
273	
263	
278	
93	
208	
203	
183	
363	
133	
8	
388	
173	
98	
103	
68	
223	
23	
18	
378	
198	
373	
143	
138	
268	
53	
248	
333	
348	
313	
178	
298	
383	
28	
413	
463	
153	
293	
108	
303	
58	
368	
253	
473	
238	
233	
458	
398	
498	
258	
128	
478	
443	
213	
63	
283	
163	
48	
358	
468	
488	
43	
433	
403	
218	
483	
33	
393	
168	
353	
88	
113	
418	
243	
188	
423	
118	
288	
323	
73	
328	
343	
228	
38	
158	
428	
493	
148	
13	
318	
123	
3	
193	
308	
448	
453	
438	
83	

cluster:4	
49	
84	
9	
109	
149	
94	
234	
59	
114	
204	
194	
179	
29	
169	
79	
4	
99	
119	
34	
54	
39	
214	
134	
159	
14	
184	
189	
219	
64	
164	
104	
229	
244	
44	
69	
199	
124	
129	
209	
74	
19	
154	
224	
139	
174	
239	
249	
144	
89	
24